Image id:
11

Image size:
375 500

Category:
person

Detections:
22

Mid-points (x y):
-0.242	0.112
0.203	0.411
0.123	0.396
-0.202	0.139
-0.210	0.139
0.178	0.409
0.178	0.391
0.203	0.403
0.177	0.388
0.201	0.401
0.187	0.387
-0.208	0.157
0.186	0.365
0.186	0.365
0.186	0.367
0.184	0.365
-0.206	0.137
0.195	0.412
0.197	0.401
0.195	0.400
-0.296	0.108
-0.191	0.089

Bounding boxes (x1 y1 x2 y2 probability):
-0.374	-0.278	-0.111	0.503	0.980675
0.121	0.084	0.286	0.738	0.952465
0.044	0.055	0.201	0.737	0.884714
-0.309	-0.255	-0.095	0.533	0.766164
-0.326	-0.255	-0.094	0.533	0.766164
0.036	0.114	0.320	0.704	0.590481
0.036	0.078	0.320	0.703	0.590481
0.072	0.079	0.335	0.726	0.395000
0.042	0.038	0.312	0.738	0.387198
0.064	0.075	0.337	0.727	0.339319
0.027	0.050	0.347	0.724	0.309856
-0.319	-0.217	-0.096	0.531	0.247890
0.001	0.046	0.372	0.684	0.188778
0.004	0.041	0.369	0.689	0.188778
0.001	0.041	0.372	0.693	0.188778
0.000	0.041	0.369	0.689	0.188778
-0.316	-0.206	-0.095	0.479	0.173384
0.018	0.125	0.373	0.699	0.160851
0.018	0.109	0.376	0.693	0.160851
0.018	0.103	0.373	0.697	0.160851
-0.602	-0.232	0.009	0.449	0.128250
-0.416	-0.207	0.034	0.384	0.105200
