Image id:
51

Image size:
375 500

Category:
person

Detections:
43

Mid-points (x y):
-0.628	0.241
0.353	0.238
0.389	0.167
0.478	0.220
0.488	0.241
0.416	0.218
-0.672	0.256
0.496	0.202
0.359	0.204
0.519	0.124
-0.508	0.215
-0.647	0.190
-0.713	0.253
-0.424	0.182
0.936	0.344
-0.317	0.196
0.231	0.205
-0.717	0.137
0.227	0.156
0.951	0.207
-0.677	0.128
0.438	0.193
0.566	0.206
0.854	0.377
0.954	0.353
0.495	0.187
0.957	0.444
0.886	0.383
0.899	0.365
0.082	0.203
-0.362	0.200
0.881	0.415
0.890	0.444
0.586	0.230
0.617	0.145
0.933	0.147
0.534	0.145
0.815	0.379
0.857	0.376
0.166	0.179
0.897	0.220
-0.689	0.077
0.419	0.080

Bounding boxes (x1 y1 x2 y2 probability):
0.205	-0.299	0.762	0.555	0.996662
-0.805	-0.216	-0.382	0.439	0.985535
0.205	-0.304	0.732	0.610	0.984079
-0.816	-0.196	-0.383	0.467	0.977076
0.289	-0.265	0.662	0.562	0.967928
-0.808	-0.139	-0.366	0.480	0.948282
0.279	-0.257	0.713	0.552	0.898439
0.287	-0.272	0.709	0.557	0.897610
0.287	-0.272	0.718	0.557	0.887345
0.203	-0.240	0.767	0.558	0.872978
0.160	-0.280	0.763	0.557	0.838575
-0.824	-0.130	-0.389	0.450	0.815183
-1.004	-0.478	-0.252	0.960	0.796957
-0.125	-0.417	0.831	0.892	0.735957
-0.159	-0.458	0.937	0.793	0.710340
0.153	-0.499	0.802	0.940	0.705070
0.202	-0.447	0.773	0.930	0.682783
-0.026	-0.478	0.859	0.915	0.641074
-1.010	-0.499	-0.335	1.011	0.640108
0.120	-0.460	0.873	0.864	0.607952
-0.252	-0.440	0.970	0.847	0.573698
0.134	-0.529	0.905	0.777	0.494343
-0.971	-0.510	-0.044	0.941	0.491856
-0.968	-0.518	-0.325	0.898	0.489793
-1.004	-0.516	-0.422	1.023	0.471845
-0.949	-0.562	0.101	0.927	0.464968
0.866	-0.008	1.006	0.695	0.439068
-0.952	-0.474	0.318	0.866	0.431883
-0.439	-0.496	0.901	0.906	0.424042
-0.948	-0.534	-0.487	0.809	0.409101
-0.162	-0.501	0.616	0.814	0.401049
0.901	0.031	1.001	0.383	0.337184
-0.975	-0.502	-0.379	0.758	0.325566
0.175	-0.520	0.701	0.907	0.322021
0.209	-0.493	0.922	0.905	0.304279
0.707	-0.101	1.002	0.855	0.275044
0.907	0.011	1.002	0.694	0.273332
0.063	-0.502	0.927	0.877	0.272382
0.922	-0.044	0.992	0.933	0.252894
0.774	-0.021	0.997	0.786	0.250190
0.785	-0.019	1.013	0.749	0.247445
-0.733	-0.502	0.897	0.908	0.223365
-0.921	-0.503	0.197	0.902	0.186465
