Image id:
65

Image size:
333 500

Category:
cat

Detections:
28

Mid-points (x y):
-0.174	-0.028
-0.178	-0.045
-0.170	-0.047
-0.181	-0.023
-0.185	-0.044
-0.182	-0.039
-0.166	-0.039
-0.182	-0.041
-0.197	-0.031
-0.186	-0.050
-0.185	-0.053
-0.174	-0.059
-0.175	-0.037
-0.179	-0.042
-0.180	-0.041
-0.181	-0.049
-0.188	-0.022
-0.193	-0.040
-0.192	-0.073
-0.176	-0.033
-0.136	-0.056
-0.120	-0.056
-0.170	-0.043
-0.116	-0.042
-0.210	0.065
-0.235	0.058
-0.214	0.048
-0.205	0.072

Bounding boxes (x1 y1 x2 y2 probability):
-0.620	-0.385	0.271	0.329	0.999308
-0.628	-0.414	0.272	0.324	0.999308
-0.602	-0.382	0.262	0.287	0.999224
-0.693	-0.367	0.332	0.321	0.998755
-0.702	-0.397	0.332	0.309	0.998755
-0.630	-0.383	0.266	0.305	0.998669
-0.644	-0.388	0.311	0.310	0.998235
-0.608	-0.356	0.245	0.275	0.997992
-0.637	-0.375	0.243	0.312	0.997992
-0.634	-0.378	0.263	0.279	0.99771
-0.604	-0.418	0.234	0.311	0.996908
-0.641	-0.415	0.292	0.297	0.996805
-0.604	-0.413	0.255	0.338	0.996359
-0.676	-0.386	0.318	0.302	0.99369
-0.642	-0.342	0.282	0.260	0.993323
-0.582	-0.389	0.219	0.291	0.990533
-0.716	-0.347	0.339	0.303	0.986359
-0.611	-0.365	0.225	0.286	0.985088
-0.682	-0.375	0.298	0.230	0.971114
-0.571	-0.394	0.219	0.329	0.783315
-0.765	-0.425	0.494	0.312	0.511901
-0.459	-0.435	0.219	0.324	0.265223
-0.576	-0.392	0.236	0.305	0.243664
-0.421	-0.445	0.188	0.360	0.224201
-0.840	-0.435	0.419	0.565	0.204669
-0.834	-0.469	0.364	0.584	0.158728
-0.830	-0.469	0.402	0.565	0.128691
-0.815	-0.416	0.405	0.560	0.114488
