Image id:
425

Image size:
459 500

Category:
bicycle

Detections:
13

Mid-points (x y):
0.559	0.493
0.549	0.490
-0.435	0.059
-0.442	0.043
-0.462	0.039
0.545	0.482
0.534	0.479
-0.444	0.045
0.551	0.514
-0.465	0.005
-0.445	-0.009
-0.482	-0.072
0.496	0.436

Bounding boxes (x1 y1 x2 y2 probability):
0.327	-0.009	0.791	0.995	0.99877
0.345	-0.050	0.753	1.031	0.988882
-0.633	-0.401	-0.238	0.518	0.984932
-0.603	-0.443	-0.281	0.529	0.970264
-0.632	-0.413	-0.293	0.491	0.948671
0.290	0.036	0.800	0.928	0.94263
0.295	-0.060	0.774	1.018	0.893993
-0.578	-0.394	-0.310	0.485	0.89063
0.372	0.002	0.729	1.025	0.815527
-0.709	-0.490	-0.222	0.501	0.639463
-0.654	-0.416	-0.237	0.398	0.636499
-0.741	-0.434	-0.223	0.290	0.614927
0.165	-0.051	0.827	0.922	0.257954
