Image id:
458

Image size:
176 500

Category:
cow

Detections:
34

Mid-points (x y):
-0.433	-0.314
-0.412	-0.290
-0.415	-0.307
-0.432	-0.318
-0.434	-0.338
-0.399	-0.314
-0.437	-0.296
0.072	-0.237
-0.415	-0.308
0.069	-0.255
-0.451	-0.354
0.368	-0.257
0.101	-0.246
-0.450	-0.336
-0.406	-0.335
-0.453	-0.327
-0.390	-0.338
-0.570	-0.418
-0.558	-0.399
-0.461	-0.333
0.361	-0.255
-0.409	-0.361
0.335	-0.254
-0.378	-0.322
-0.466	-0.294
-0.456	-0.298
-0.473	-0.350
0.368	-0.221
-0.411	-0.327
-0.512	-0.385
0.346	-0.254
-0.530	-0.411
-0.428	-0.347
-0.566	-0.405

Bounding boxes (x1 y1 x2 y2 probability):
-0.599	-0.596	-0.267	-0.032	0.992897
-0.548	-0.563	-0.276	-0.018	0.982089
-0.534	-0.594	-0.296	-0.020	0.961242
-0.544	-0.604	-0.321	-0.032	0.933139
-0.565	-0.642	-0.303	-0.034	0.924798
-0.515	-0.564	-0.283	-0.064	0.86424
-0.564	-0.577	-0.309	-0.016	0.863035
-0.062	-0.485	0.206	0.011	0.861639
-0.568	-0.558	-0.263	-0.057	0.85504
-0.051	-0.490	0.189	-0.020	0.840524
-0.591	-0.667	-0.310	-0.041	0.818792
0.204	-0.527	0.532	0.013	0.793886
-0.023	-0.488	0.225	-0.004	0.788653
-0.579	-0.616	-0.322	-0.057	0.760629
-0.487	-0.604	-0.325	-0.067	0.738837
-0.561	-0.613	-0.345	-0.041	0.738101
-0.494	-0.606	-0.285	-0.070	0.714125
-0.629	-0.700	-0.511	-0.136	0.684096
-0.631	-0.635	-0.484	-0.163	0.681715
-0.581	-0.652	-0.341	-0.013	0.655264
0.215	-0.507	0.507	-0.003	0.637483
-0.481	-0.679	-0.337	-0.044	0.630315
0.145	-0.483	0.524	-0.026	0.620592
-0.435	-0.575	-0.322	-0.070	0.49672
-0.536	-0.593	-0.396	0.006	0.457204
-0.551	-0.583	-0.360	-0.013	0.429872
-0.575	-0.655	-0.372	-0.045	0.387314
0.217	-0.504	0.519	0.062	0.33383
-0.564	-0.629	-0.259	-0.024	0.317113
-0.624	-0.642	-0.400	-0.129	0.267119
0.212	-0.537	0.480	0.029	0.196323
-0.616	-0.664	-0.445	-0.158	0.192693
-0.615	-0.617	-0.240	-0.077	0.188967
-0.638	-0.675	-0.494	-0.135	0.1769
