Image id:
512

Image size:
375 500

Category:
bird

Detections:
27

Mid-points (x y):
0.536	0.297
0.565	0.308
0.554	0.308
0.530	0.284
-0.490	-0.197
0.573	0.227
-0.512	-0.102
-0.499	-0.068
-0.502	-0.020
-0.524	-0.039
-0.499	-0.290
-0.469	-0.241
-0.546	-0.381
0.557	-0.092
0.545	0.365
0.546	0.408
-0.535	-0.092
-0.543	-0.112
-0.479	-0.013
-0.562	-0.051
0.542	0.247
-0.539	-0.589
-0.505	-0.102
0.557	0.051
-0.548	-0.419
-0.474	-0.058
0.511	-0.034

Bounding boxes (x1 y1 x2 y2 probability):
0.345	-0.387	0.726	0.982	0.996565
0.353	-0.332	0.778	0.949	0.995966
0.295	-0.330	0.812	0.947	0.994468
0.306	-0.346	0.753	0.915	0.990845
-0.681	-0.824	-0.299	0.430	0.904166
0.336	-0.356	0.809	0.810	0.834652
-0.683	-1.034	-0.341	0.830	0.81
-0.673	-0.903	-0.324	0.766	0.722453
-0.738	-0.780	-0.267	0.739	0.646082
-0.728	-0.808	-0.320	0.731	0.593828
-0.676	-0.799	-0.322	0.219	0.586675
-0.710	-0.783	-0.228	0.301	0.538618
-0.665	-0.835	-0.426	0.073	0.522349
0.403	-0.253	0.711	0.069	0.484751
0.333	-0.217	0.757	0.947	0.44554
0.327	-0.015	0.766	0.831	0.420605
-0.654	-1.041	-0.417	0.858	0.399537
-0.700	-1.080	-0.386	0.856	0.376717
-0.688	-0.899	-0.270	0.873	0.354116
-0.731	-0.823	-0.393	0.721	0.348676
0.341	-0.283	0.744	0.778	0.340423
-0.692	-0.744	-0.386	-0.433	0.266206
-0.794	-0.735	-0.217	0.530	0.243143
0.403	-0.327	0.711	0.428	0.226759
-0.669	-0.764	-0.426	-0.074	0.209917
-0.735	-0.965	-0.214	0.849	0.187689
0.358	-0.247	0.665	0.179	0.186309
