Image id:
651

Image size:
375 500

Category:
person

Detections:
21

Mid-points (x y):
0.396	-0.134
0.408	-0.123
0.397	-0.130
-0.561	-0.033
-0.551	-0.036
-0.541	-0.041
-0.532	-0.047
-0.541	-0.062
-0.544	-0.024
-0.554	-0.033
-0.554	-0.019
0.431	-0.112
-0.575	-0.036
0.423	-0.107
0.435	-0.137
0.382	-0.153
-0.534	-0.033
-0.548	-0.048
0.378	-0.155
-0.559	-0.013
-0.557	-0.031

Bounding boxes (x1 y1 x2 y2 probability):
0.265	-0.497	0.527	0.229	0.998924
0.287	-0.509	0.529	0.263	0.998749
0.301	-0.504	0.494	0.243	0.996861
-0.637	-0.232	-0.486	0.165	0.995438
-0.629	-0.237	-0.474	0.165	0.995438
-0.634	-0.248	-0.448	0.165	0.995438
-0.607	-0.200	-0.457	0.105	0.989134
-0.626	-0.240	-0.457	0.117	0.989134
-0.628	-0.228	-0.459	0.179	0.9856
-0.637	-0.246	-0.470	0.179	0.977578
-0.630	-0.204	-0.479	0.166	0.967184
0.323	-0.461	0.539	0.237	0.922123
-0.620	-0.241	-0.530	0.169	0.888212
0.326	-0.478	0.520	0.263	0.826271
0.356	-0.522	0.515	0.248	0.771632
0.287	-0.499	0.477	0.193	0.757026
-0.634	-0.223	-0.433	0.158	0.364332
-0.606	-0.215	-0.490	0.120	0.305497
0.270	-0.503	0.486	0.192	0.281829
-0.626	-0.183	-0.492	0.156	0.233665
-0.621	-0.212	-0.492	0.149	0.233665
