Image id:
902

Image size:
375 500

Category:
person

Detections:
118

Mid-points (x y):
-0.563	0.238
-0.559	0.237
0.671	-0.010
0.660	-0.013
-0.551	0.237
-0.538	0.252
0.669	-0.060
0.657	-0.023
-0.541	0.242
-0.174	0.044
-0.172	-0.041
-0.138	-0.047
-0.572	0.261
0.622	-0.098
-0.533	0.246
0.621	-0.074
-0.586	0.263
-0.590	0.263
-0.544	0.276
-0.205	-0.480
-0.555	0.324
-0.169	-0.003
-0.561	0.257
-0.138	-0.028
-0.186	-0.112
-0.509	0.168
0.630	-0.060
0.618	-0.073
0.682	-0.063
0.657	-0.013
0.685	0.033
0.673	0.001
0.624	-0.076
0.630	-0.043
-0.540	0.199
0.692	0.032
-0.548	0.212
-0.507	0.270
-0.433	0.214
-0.511	0.248
0.608	-0.078
-0.135	-0.076
-0.171	-0.008
0.613	-0.071
-0.521	0.165
-0.583	0.290
-0.542	0.232
0.664	0.077
0.657	-0.013
-0.546	0.225
-0.116	-0.074
-0.172	-0.024
-0.173	0.002
0.636	-0.099
-0.529	0.208
-0.210	-0.452
-0.188	-0.393
-0.477	0.296
-0.180	-0.149
-0.181	-0.131
0.600	-0.020
-0.177	-0.026
-0.177	-0.028
0.716	-0.003
0.674	-0.083
-0.182	-0.226
-0.590	0.257
0.621	0.049
0.623	0.051
-0.569	0.140
-0.524	0.242
-0.502	0.188
-0.495	0.184
-0.199	-0.016
-0.550	0.257
-0.227	-0.404
-0.220	-0.052
-0.581	0.275
0.713	-0.031
-0.169	-0.102
-0.190	-0.038
-0.258	-0.054
-0.164	-0.014
-0.109	-0.097
-0.179	-0.477
-0.584	0.300
0.554	-0.010
0.638	-0.104
0.647	-0.097
-0.106	-0.092
-0.587	0.306
-0.595	0.306
-0.204	-0.477
-0.202	-0.458
0.618	-0.099
-0.499	0.263
0.605	-0.110
-0.586	0.308
-0.595	0.299
-0.208	-0.088
-0.196	0.024
0.352	-0.095
-0.270	-0.050
-0.602	0.284
-0.556	0.091
-0.216	-0.480
-0.213	-0.444
0.638	-0.102
0.715	0.220
-0.224	-0.380
-0.218	-0.395
0.719	-0.106
-0.169	-0.371
-0.169	-0.380
-0.125	-0.172
-0.086	-0.053
-0.209	-0.433
-0.154	-0.111

Bounding boxes (x1 y1 x2 y2 probability):
-0.940	-0.498	-0.187	0.975	0.986886
-0.929	-0.495	-0.189	0.969	0.986206
0.388	-0.596	0.954	0.577	0.985796
0.369	-0.612	0.951	0.585	0.974403
-0.888	-0.509	-0.213	0.982	0.973046
-0.931	-0.434	-0.146	0.939	0.971529
0.386	-0.588	0.951	0.468	0.956883
0.362	-0.631	0.951	0.585	0.954228
-0.886	-0.501	-0.197	0.985	0.947607
-0.403	-0.412	0.055	0.500	0.942189
-0.411	-0.389	0.066	0.307	0.938663
-0.363	-0.430	0.086	0.335	0.936283
-0.936	-0.490	-0.209	1.013	0.932848
0.382	-0.676	0.862	0.481	0.897023
-0.888	-0.497	-0.178	0.989	0.896492
0.340	-0.603	0.902	0.456	0.896182
-0.898	-0.487	-0.274	1.014	0.894791
-0.908	-0.487	-0.271	1.014	0.894791
-0.917	-0.567	-0.171	1.118	0.893162
-0.284	-0.618	-0.126	-0.343	0.892316
-0.932	-0.554	-0.177	1.202	0.884539
-0.359	-0.374	0.021	0.368	0.882437
-0.885	-0.473	-0.237	0.986	0.866436
-0.400	-0.335	0.124	0.279	0.866098
-0.399	-0.553	0.026	0.329	0.847293
-0.885	-0.558	-0.133	0.893	0.841543
0.340	-0.616	0.919	0.495	0.84116
0.339	-0.616	0.897	0.471	0.84116
0.409	-0.611	0.955	0.485	0.831238
0.374	-0.648	0.941	0.622	0.792482
0.415	-0.617	0.954	0.683	0.772847
0.403	-0.637	0.943	0.639	0.762767
0.348	-0.594	0.900	0.441	0.759814
0.335	-0.579	0.924	0.492	0.754868
-0.892	-0.514	-0.189	0.911	0.738367
0.419	-0.616	0.964	0.680	0.736799
-0.914	-0.492	-0.183	0.916	0.732069
-0.925	-0.444	-0.088	0.983	0.731977
-0.701	-0.514	-0.164	0.942	0.701719
-0.882	-0.510	-0.139	1.007	0.69986
0.352	-0.637	0.863	0.481	0.697785
-0.355	-0.470	0.085	0.317	0.694331
-0.385	-0.372	0.043	0.355	0.687047
0.333	-0.592	0.892	0.451	0.685642
-0.884	-0.565	-0.158	0.895	0.663188
-0.898	-0.502	-0.268	1.082	0.659997
-0.898	-0.470	-0.185	0.934	0.653847
0.383	-0.422	0.945	0.576	0.647608
0.375	-0.639	0.938	0.614	0.645698
-0.901	-0.475	-0.191	0.924	0.640165
-0.300	-0.415	0.068	0.267	0.630813
-0.355	-0.393	0.011	0.345	0.629696
-0.371	-0.336	0.025	0.341	0.629567
0.303	-0.613	0.969	0.415	0.620703
-0.901	-0.497	-0.157	0.913	0.590423
-0.343	-0.637	-0.077	-0.266	0.586192
-0.293	-0.610	-0.084	-0.176	0.566533
-0.893	-0.397	-0.061	0.990	0.557599
-0.396	-0.537	0.035	0.239	0.556754
-0.387	-0.548	0.024	0.285	0.546956
0.352	-0.664	0.848	0.623	0.518258
-0.373	-0.385	0.019	0.333	0.50063
-0.382	-0.383	0.028	0.328	0.50063
0.476	-0.666	0.955	0.660	0.434556
0.384	-0.596	0.964	0.430	0.403071
-0.330	-0.551	-0.034	0.099	0.397807
-0.894	-0.521	-0.285	1.035	0.393749
0.381	-0.481	0.860	0.580	0.391005
0.378	-0.482	0.869	0.584	0.391005
-0.906	-0.437	-0.233	0.717	0.387391
-0.909	-0.522	-0.138	1.005	0.381682
-0.893	-0.510	-0.112	0.887	0.362617
-0.892	-0.519	-0.099	0.886	0.362617
-0.362	-0.346	-0.035	0.315	0.360875
-0.935	-0.497	-0.165	1.011	0.360641
-0.353	-0.605	-0.100	-0.203	0.358329
-0.441	-0.426	0.002	0.322	0.357938
-0.882	-0.472	-0.280	1.023	0.350861
0.467	-0.650	0.960	0.587	0.347422
-0.343	-0.360	0.006	0.157	0.336616
-0.341	-0.422	-0.040	0.347	0.32205
-0.506	-0.429	-0.009	0.322	0.302114
-0.368	-0.328	0.041	0.300	0.299981
-0.311	-0.461	0.092	0.268	0.297079
-0.285	-0.608	-0.073	-0.347	0.294341
-0.899	-0.509	-0.269	1.108	0.28961
0.362	-0.530	0.746	0.510	0.287731
0.291	-0.619	0.984	0.411	0.287209
0.442	-0.661	0.852	0.468	0.28415
-0.268	-0.421	0.056	0.236	0.27014
-0.886	-0.408	-0.289	1.020	0.238409
-0.905	-0.408	-0.285	1.020	0.238409
-0.290	-0.600	-0.118	-0.354	0.238076
-0.335	-0.614	-0.069	-0.302	0.229956
0.381	-0.650	0.856	0.453	0.222544
-0.915	-0.453	-0.083	0.980	0.215007
0.344	-0.656	0.865	0.435	0.210952
-0.865	-0.415	-0.306	1.030	0.196738
-0.865	-0.432	-0.325	1.031	0.196738
-0.375	-0.438	-0.041	0.263	0.188556
-0.531	-0.352	0.138	0.401	0.186726
-0.123	-0.541	0.828	0.351	0.183385
-0.468	-0.412	-0.071	0.312	0.179761
-0.878	-0.465	-0.327	1.033	0.170367
-0.843	-0.412	-0.269	0.595	0.166427
-0.287	-0.607	-0.145	-0.353	0.158233
-0.346	-0.607	-0.080	-0.280	0.15397
0.321	-0.584	0.954	0.380	0.146162
0.466	-0.403	0.964	0.843	0.13829
-0.378	-0.578	-0.071	-0.181	0.137878
-0.370	-0.608	-0.066	-0.182	0.137878
0.471	-0.634	0.967	0.423	0.134898
-0.264	-0.582	-0.075	-0.159	0.129064
-0.264	-0.603	-0.075	-0.158	0.129064
-0.280	-0.529	0.029	0.185	0.124204
-0.290	-0.379	0.118	0.273	0.123706
-0.347	-0.598	-0.072	-0.268	0.121941
