Image id:
11

Image size:
375 500

Category:
person

Detections:
22

Mid-points (x y):
189.39	208.55
300.85	264.61
280.65	261.79
199.48	213.53
197.44	213.53
294.54	264.21
294.54	260.75
300.85	263.04
294.37	260.25
300.15	262.73
296.71	259.98
198.07	217.00
296.60	255.99
296.62	255.89
296.60	256.35
296.11	255.89
198.56	213.11
298.82	264.80
299.33	262.68
298.82	262.56
175.95	207.83
202.18	204.14

Bounding boxes (x1 y1 x2 y2 probability):
156.47	135.36	222.31	281.73	0.980675
280.27	203.29	321.43	325.94	0.952465
261.04	197.83	300.26	325.75	0.884714
172.67	139.66	226.28	287.40	0.766164
168.49	139.66	226.39	287.40	0.766164
258.96	208.87	330.11	319.55	0.590481
258.96	202.21	330.11	319.29	0.590481
267.91	202.40	333.80	323.68	0.395000
260.61	194.68	328.12	325.82	0.387198
266.02	201.57	334.29	323.89	0.339319
256.69	196.79	336.73	323.17	0.309856
170.20	146.88	225.95	287.13	0.247890
250.15	196.20	343.05	315.77	0.188778
250.88	195.19	342.37	316.60	0.188778
250.15	195.18	343.05	317.51	0.188778
250.02	195.19	342.21	316.60	0.188778
170.92	148.92	226.19	277.30	0.173384
254.45	211.02	343.19	318.57	0.160851
254.62	207.95	344.04	317.41	0.160851
254.45	206.88	343.19	318.24	0.160851
99.55	144.03	252.34	271.62	0.128250
145.95	148.78	258.40	259.49	0.105200
