Image id:
51

Image size:
375 500

Category:
person

Detections:
43

Mid-points (x y):
92.90	232.75
338.13	232.09
347.24	218.83
369.41	228.82
371.91	232.75
354.05	228.43
81.89	235.55
374.07	225.29
339.72	225.70
379.80	210.83
123.10	227.87
88.35	223.16
71.74	235.02
144.02	221.71
484.01	251.96
170.74	224.23
307.78	225.93
70.68	213.26
306.66	216.77
487.75	226.28
80.66	211.54
359.61	223.78
391.41	226.10
463.54	258.16
488.54	253.60
373.73	222.61
489.29	270.77
471.41	259.26
474.76	255.92
270.57	225.55
159.49	224.94
470.27	265.24
472.40	270.67
396.51	230.70
404.13	214.68
483.28	215.12
383.38	214.60
453.81	258.62
464.28	258.01
291.56	221.11
474.35	228.75
77.82	202.03
354.74	202.53

Bounding boxes (x1 y1 x2 y2 probability):
-1.10	97.94	186.90	367.55	0.996662
218.63	109.35	457.63	354.83	0.985535
210.33	101.55	484.15	336.11	0.984079
288.27	93.98	450.55	363.66	0.977076
300.46	103.65	443.35	361.84	0.967928
243.45	97.81	464.65	359.04	0.948282
-2.44	94.00	166.22	377.10	0.898439
279.90	101.16	468.23	349.41	0.897610
187.00	105.09	492.43	346.31	0.887345
283.39	88.37	476.21	333.28	0.872978
7.26	91.89	238.94	363.85	0.838575
7.94	90.41	168.76	355.92	0.815183
-0.99	90.77	144.46	379.26	0.796957
12.85	82.09	275.18	361.32	0.735957
466.56	186.07	501.46	317.85	0.710340
11.98	98.66	329.50	349.79	0.705070
140.37	94.45	475.20	357.41	0.682783
13.00	87.31	128.36	339.22	0.641074
209.38	93.51	403.93	340.04	0.640108
475.22	193.25	500.28	259.30	0.607952
6.19	93.43	155.13	329.66	0.573698
293.84	89.98	425.37	357.58	0.494343
302.22	95.10	480.61	357.10	0.491856
426.68	168.48	500.40	347.83	0.489793
476.65	189.52	500.43	317.67	0.471845
265.83	93.33	481.64	351.89	0.464968
480.48	179.18	498.09	362.36	0.439068
443.48	183.57	499.34	334.94	0.431883
446.30	183.89	503.22	327.94	0.424042
66.87	93.43	474.27	357.68	0.409101
19.66	93.18	299.32	356.71	0.401049
439.24	175.13	501.30	355.35	0.337184
446.09	178.61	498.70	362.74	0.325566
317.28	106.05	475.75	355.35	0.322021
323.34	82.15	484.92	347.20	0.304279
466.38	193.81	500.19	236.43	0.275044
313.32	105.65	453.43	323.55	0.273332
409.37	160.16	498.24	357.07	0.272382
430.60	178.45	497.95	337.58	0.252894
100.74	98.97	482.39	343.24	0.250190
448.70	188.69	499.99	268.82	0.247445
8.36	97.74	147.28	306.32	0.223365
286.48	95.20	422.99	309.86	0.186465
