Image id:
65

Image size:
333 500

Category:
cat

Detections:
28

Mid-points (x y):
206.41	161.89
205.47	158.98
207.53	158.61
204.86	162.62
203.74	159.20
204.54	159.99
208.38	160.02
204.58	159.73
200.76	161.27
203.55	158.23
203.66	157.64
206.41	156.65
206.34	160.27
205.20	159.54
204.97	159.60
204.67	158.34
202.88	162.88
201.77	159.92
202.02	154.41
205.98	161.08
216.08	157.10
220.02	157.23
207.45	159.30
220.92	159.45
197.43	177.30
191.23	176.12
196.58	174.48
198.73	178.45

Bounding boxes (x1 y1 x2 y2 probability):
94.97	102.47	317.84	221.32	0.999308
92.99	97.49	317.95	220.47	0.999308
99.47	102.94	315.58	214.29	0.999224
76.66	105.37	333.05	219.87	0.998755
74.53	100.46	332.96	217.95	0.998755
92.55	102.68	316.52	217.31	0.998669
88.95	101.89	327.82	218.15	0.998235
98.02	107.15	311.14	212.32	0.997992
90.87	104.00	310.65	218.53	0.997992
91.38	103.51	315.73	212.96	0.997710
98.90	96.93	308.43	218.35	0.996908
89.83	97.32	322.99	215.98	0.996805
99.05	97.79	313.63	222.74	0.996359
81.02	102.28	329.38	216.79	0.993690
89.47	109.49	320.47	209.72	0.993323
104.49	101.73	304.84	214.95	0.990533
70.96	108.76	334.80	216.99	0.986359
97.18	105.79	306.36	214.05	0.985088
79.54	104.01	324.51	204.82	0.971114
107.30	100.88	304.66	221.28	0.783315
58.77	95.73	373.39	218.47	0.511901
135.32	94.00	304.72	220.46	0.265223
105.93	101.24	308.98	217.35	0.243664
144.85	92.48	296.99	226.42	0.224201
40.04	94.02	354.82	260.58	0.204669
41.45	88.44	341.00	263.79	0.158728
42.61	88.35	350.55	260.61	0.128691
46.13	97.23	351.34	259.67	0.114488
