Image id:
425

Image size:
459 500

Category:
bicycle

Detections:
13

Mid-points (x y):
389.72	342.58
387.23	342.04
141.17	242.93
139.40	239.37
134.43	238.39
386.28	340.06
383.58	339.37
138.96	239.94
387.67	347.40
133.65	230.74
138.64	227.45
129.57	213.02
373.98	329.47

Bounding boxes (x1 y1 x2 y2 probability):
331.66	227.37	447.77	457.79	0.998770
336.14	217.93	438.32	466.15	0.988882
91.81	137.39	190.54	348.46	0.984932
99.15	127.82	179.65	350.92	0.970264
92.06	134.69	176.80	342.09	0.948671
322.54	237.67	450.02	442.44	0.942630
323.64	215.72	443.53	463.03	0.893993
105.51	139.05	172.42	340.84	0.890630
343.11	230.06	432.22	464.74	0.815527
72.78	117.10	194.53	344.38	0.639463
86.58	134.09	190.70	320.80	0.636499
64.79	129.99	194.35	296.05	0.614927
291.31	217.83	456.65	441.10	0.257954
