Image id:
458

Image size:
176 500

Category:
cow

Detections:
34

Mid-points (x y):
141.81	60.35
147.00	62.44
146.26	60.97
141.95	60.02
141.50	58.27
150.23	60.36
140.84	61.91
268.04	67.11
146.16	60.91
267.22	65.55
137.28	56.83
341.99	65.36
275.24	66.37
137.40	58.40
148.56	58.51
136.76	59.21
152.58	58.26
107.52	51.21
110.59	52.90
134.74	58.73
340.33	65.57
147.75	56.19
333.66	65.63
155.38	59.64
133.48	62.17
136.05	61.76
131.65	57.18
342.00	68.59
147.14	59.23
121.99	54.08
336.53	65.66
117.38	51.82
143.08	57.46
108.52	52.37

Bounding boxes (x1 y1 x2 y2 probability):
100.27	35.52	183.35	85.17	0.992897
113.08	38.49	180.92	86.40	0.982089
116.56	35.70	175.96	86.24	0.961242
114.06	34.86	169.84	85.18	0.933139
108.68	31.48	174.32	85.05	0.924798
121.26	38.36	179.21	82.36	0.864240
109.03	37.21	172.66	86.61	0.863035
234.54	45.28	301.55	88.95	0.861639
108.08	38.87	184.24	82.95	0.855040
237.17	44.89	297.27	86.20	0.840524
102.13	29.29	172.42	84.37	0.818792
301.06	41.59	382.92	89.14	0.793886
244.17	45.08	306.30	87.66	0.788653
105.35	33.79	169.44	83.02	0.760629
128.32	34.89	168.80	82.12	0.738837
109.81	34.02	163.71	84.39	0.738101
126.51	34.64	178.65	81.88	0.714125
92.67	26.41	122.37	76.01	0.684096
92.24	32.11	128.95	73.69	0.681715
104.76	30.62	164.71	86.84	0.655264
303.79	43.41	376.86	87.73	0.637483
129.77	28.27	165.72	84.12	0.630315
286.27	45.53	381.05	85.72	0.620592
141.18	37.41	169.57	81.88	0.496720
116.05	35.85	150.91	88.50	0.457204
112.21	36.70	159.89	86.82	0.429872
106.28	30.32	157.02	84.05	0.387314
304.23	43.69	379.76	93.49	0.333830
109.00	32.61	185.28	85.86	0.317113
94.03	31.51	149.95	76.65	0.267119
302.96	40.74	370.10	90.59	0.196323
96.08	29.53	138.69	74.10	0.192693
96.17	33.69	189.98	81.24	0.188967
90.57	28.64	126.46	76.10	0.176900
