Image id:
512

Image size:
375 500

Category:
bird

Detections:
27

Mid-points (x y):
383.94	243.24
391.32	245.32
388.43	245.32
382.38	240.81
127.43	150.55
393.21	230.05
122.12	168.38
125.32	174.68
124.39	183.71
118.96	180.28
125.26	133.05
132.71	142.35
113.55	116.14
389.24	170.26
386.25	255.94
386.55	264.03
116.21	170.31
114.30	166.54
130.17	185.05
109.55	177.93
385.55	233.88
115.21	77.14
123.64	168.29
389.23	196.98
113.07	108.93
131.48	176.67
377.86	181.12

Bounding boxes (x1 y1 x2 y2 probability):
336.37	114.93	431.51	371.56	0.996565
338.23	125.23	444.40	365.42	0.995966
323.78	125.57	453.09	365.08	0.994468
326.62	122.60	438.15	359.01	0.990845
79.71	32.99	175.14	268.11	0.904166
334.08	120.68	452.34	339.41	0.834652
79.36	-6.34	164.87	343.10	0.810000
81.72	18.27	168.93	331.10	0.722453
65.45	41.30	183.32	326.13	0.646082
67.95	36.00	169.97	324.56	0.593828
81.09	37.60	169.44	228.51	0.586675
72.48	40.68	192.94	244.03	0.538618
83.72	31.03	143.39	201.26	0.522349
350.73	140.11	427.75	200.41	0.484751
333.13	146.77	439.36	365.12	0.445540
331.70	184.77	441.41	343.30	0.420605
86.57	-7.69	145.85	348.30	0.399537
74.98	-14.98	153.62	348.06	0.376717
77.91	18.98	182.43	351.11	0.354116
67.25	33.23	151.85	322.62	0.348676
335.23	134.40	435.88	333.37	0.340423
77.02	47.99	153.41	106.28	0.266206
51.62	49.72	195.67	286.86	0.243143
350.77	126.23	427.68	267.72	0.226759
82.67	44.32	143.47	173.55	0.209917
66.37	6.60	196.59	346.74	0.187689
339.42	141.11	416.31	221.12	0.186309
