Image id:
651

Image size:
375 500

Category:
person

Detections:
21

Mid-points (x y):
349.04	162.31
352.01	164.41
349.35	163.08
109.66	181.29
112.18	180.79
114.82	179.77
116.96	178.62
114.65	175.96
114.12	182.94
111.52	181.30
111.42	183.92
357.72	166.47
106.29	180.74
355.82	167.41
358.84	161.82
345.51	158.85
116.58	181.38
113.02	178.56
344.48	158.36
110.30	184.97
110.83	181.65

Bounding boxes (x1 y1 x2 y2 probability):
316.22	94.26	381.86	230.35	0.998924
321.76	91.98	382.25	236.85	0.998749
325.18	93.05	373.52	233.11	0.996861
90.80	144.08	128.52	218.51	0.995438
92.77	143.07	131.59	218.50	0.995438
91.52	141.05	138.11	218.49	0.995438
98.20	150.02	135.72	207.21	0.989134
93.61	142.52	135.68	209.41	0.989134
92.98	144.75	135.27	221.14	0.985600
90.65	141.46	132.38	221.14	0.977578
92.61	149.26	130.23	218.58	0.967184
330.64	101.10	384.80	231.85	0.922123
95.00	142.25	117.57	219.24	0.888212
331.61	97.95	380.02	236.87	0.826271
338.96	89.70	378.73	233.93	0.771632
321.81	93.95	369.22	223.75	0.757026
91.43	145.70	141.74	217.05	0.364332
98.47	147.14	127.57	209.98	0.305497
317.55	93.25	371.41	223.47	0.281829
93.58	153.28	127.02	216.66	0.233665
94.67	147.80	126.98	215.51	0.233665
