Image id:
902

Image size:
375 500

Category:
person

Detections:
118

Mid-points (x y):
109.16	232.18
110.34	231.93
417.72	185.71
414.94	184.99
112.31	231.87
115.49	234.78
417.18	176.26
414.22	183.20
114.65	232.85
206.57	195.77
206.97	179.81
215.43	178.61
106.90	236.53
405.50	169.16
116.78	233.59
405.36	173.66
103.50	236.90
102.60	236.90
114.09	239.17
198.74	97.44
111.36	248.24
207.78	186.86
109.75	235.61
215.47	182.32
203.47	166.50
122.76	218.97
407.48	176.19
404.48	173.85
420.47	175.69
414.29	185.06
421.15	193.71
418.27	187.62
405.99	173.24
407.40	179.36
114.89	224.76
422.89	193.51
112.98	227.24
123.32	238.07
141.86	227.61
122.36	234.07
401.89	172.82
216.30	173.17
207.33	185.95
403.16	174.26
119.81	218.38
104.20	241.84
114.58	230.98
416.01	201.90
414.16	185.14
113.55	229.62
221.02	173.60
207.04	183.00
206.85	187.94
409.01	168.94
117.70	226.53
197.50	102.84
202.95	113.77
130.73	243.09
204.91	159.48
204.65	162.86
400.03	183.72
205.73	182.67
205.81	182.33
428.95	186.95
418.53	171.92
204.45	145.07
102.55	235.75
405.14	196.75
405.81	197.08
107.72	213.67
119.12	232.82
124.40	222.79
126.20	221.96
200.32	184.58
112.43	235.63
193.36	111.81
195.08	177.78
104.73	239.12
428.29	181.61
207.86	168.40
202.40	180.44
185.58	177.45
209.05	184.92
222.63	169.39
205.32	97.98
104.03	243.67
388.52	185.66
409.50	168.00
411.78	169.38
223.56	170.18
103.20	244.88
101.25	244.88
198.99	98.05
199.47	101.60
404.52	169.03
125.23	236.88
401.18	166.82
103.57	245.23
101.25	243.61
198.05	171.03
200.94	192.03
338.12	169.65
182.57	178.15
99.42	240.72
111.05	204.57
196.04	97.45
196.74	104.29
409.38	168.46
428.73	228.70
193.95	116.29
195.45	113.43
429.71	167.67
207.67	118.03
207.67	116.21
218.67	155.21
228.44	177.54
197.69	106.31
211.54	166.72

Bounding boxes (x1 y1 x2 y2 probability):
15.09	94.13	203.24	370.24	0.986886
17.85	94.68	202.83	369.18	0.986206
346.97	75.67	488.46	295.76	0.985796
342.19	72.70	487.69	297.28	0.974403
27.98	92.12	196.64	371.61	0.973046
17.36	106.04	213.62	363.53	0.971529
346.61	77.18	487.74	275.34	0.956883
340.59	69.24	487.85	297.17	0.954228
28.57	93.52	200.73	372.19	0.947607
149.27	110.33	263.87	281.21	0.942189
147.35	114.62	266.60	244.99	0.938663
159.32	106.85	271.55	250.38	0.936283
16.08	95.67	197.71	377.40	0.932848
345.45	60.69	465.54	277.63	0.897023
28.00	94.32	205.56	372.87	0.896492
335.10	74.40	475.62	272.92	0.896182
25.43	96.14	181.57	377.67	0.894791
22.88	96.14	182.32	377.67	0.894791
20.85	81.13	207.33	397.21	0.893162
178.89	71.65	218.59	123.24	0.892316
16.99	83.57	205.74	412.90	0.884539
160.20	117.30	255.36	256.42	0.882437
28.73	98.85	190.78	372.36	0.866436
150.06	124.75	280.89	239.89	0.866098
150.31	83.88	256.62	249.11	0.847293
28.70	82.90	216.82	355.03	0.841543
335.09	71.98	479.87	280.39	0.841160
334.66	71.94	474.30	275.77	0.841160
352.30	72.90	488.63	278.48	0.831238
343.40	66.07	485.17	304.05	0.792482
353.83	71.84	488.47	315.58	0.772847
350.79	67.97	485.75	307.26	0.762767
336.95	76.20	475.03	270.28	0.759814
333.84	78.96	480.95	279.76	0.754868
27.09	91.19	202.69	358.32	0.738367
354.79	72.02	490.99	315.01	0.736799
21.62	95.26	204.34	359.21	0.732069
18.75	104.24	227.90	371.90	0.731977
74.63	91.10	209.10	364.11	0.701719
29.39	91.88	215.33	376.27	0.699860
337.93	67.98	465.85	277.67	0.697785
161.36	99.33	271.24	247.02	0.694331
153.80	117.84	260.85	254.05	0.687047
333.28	76.48	473.03	272.04	0.685642
29.02	81.52	210.61	355.25	0.663188
25.44	93.29	182.95	390.38	0.659997
25.50	99.33	203.66	362.63	0.653847
345.87	108.38	486.15	295.42	0.647608
343.86	67.61	484.45	302.67	0.645698
24.81	98.45	202.29	360.80	0.640165
175.01	109.64	267.04	237.56	0.630813
161.32	113.85	252.76	252.14	0.629696
157.33	124.53	256.36	251.35	0.629567
325.83	72.56	492.18	265.31	0.620703
24.65	94.31	210.75	358.75	0.590423
164.25	68.02	230.74	137.67	0.586192
176.82	73.12	229.08	154.41	0.566533
26.81	113.01	234.65	373.17	0.557599
150.95	86.74	258.87	232.22	0.556754
153.28	84.82	256.02	240.91	0.546956
338.04	63.09	462.02	304.35	0.518258
156.68	115.31	254.78	250.03	0.500630
154.58	115.71	257.04	248.94	0.500630
369.04	62.67	488.87	311.22	0.434556
346.11	75.69	490.94	268.15	0.403071
167.49	84.16	241.41	205.97	0.397807
26.39	89.90	178.71	381.61	0.393749
345.30	97.33	464.99	296.17	0.391005
344.45	97.09	467.17	297.07	0.391005
23.62	105.47	191.82	321.87	0.387391
22.77	89.68	215.47	375.97	0.381682
26.74	91.79	222.06	353.80	0.362617
27.12	90.24	225.28	353.69	0.362617
159.50	122.58	241.15	246.58	0.360875
16.22	94.24	208.64	377.02	0.360641
161.64	74.13	225.08	149.49	0.358329
139.70	107.65	250.46	247.92	0.357938
29.41	98.91	180.05	379.34	0.350861
366.68	65.70	489.91	297.52	0.347422
164.26	119.92	251.45	216.89	0.336616
164.71	108.40	240.09	252.49	0.322050
123.38	107.00	247.77	247.90	0.302114
157.94	126.01	260.15	243.83	0.299981
172.35	101.10	272.91	237.67	0.297079
178.78	73.56	231.85	122.41	0.294341
25.24	92.04	182.82	395.31	0.289610
340.52	88.16	436.52	283.17	0.287731
322.87	71.44	496.12	264.56	0.287209
360.58	63.53	462.98	275.22	0.284150
183.10	108.63	264.02	231.73	0.270140
28.54	110.95	177.85	378.80	0.238409
23.68	110.95	178.82	378.80	0.238409
177.48	74.98	220.49	121.13	0.238076
166.20	72.41	232.73	130.79	0.229956
345.14	65.60	463.89	272.47	0.222544
21.19	102.55	229.28	371.21	0.215007
336.05	64.55	466.32	269.09	0.210952
33.65	109.75	173.50	380.71	0.196738
33.70	106.44	168.80	380.78	0.196738
156.27	105.30	239.84	236.77	0.188556
117.31	121.46	284.57	262.60	0.186726
219.29	85.98	456.96	253.32	0.183385
133.01	110.26	232.13	246.04	0.179761
30.58	100.31	168.25	381.13	0.170367
39.35	110.18	182.75	298.97	0.166427
178.34	73.68	213.74	121.23	0.158233
163.53	73.65	229.94	134.94	0.153970
330.37	78.08	488.39	258.84	0.146162
366.52	111.92	490.93	345.49	0.138290
155.54	79.10	232.35	153.48	0.137878
157.38	73.41	233.52	153.44	0.137878
367.65	68.61	491.78	266.73	0.134898
184.00	78.36	231.34	157.70	0.129064
184.00	74.53	231.34	157.88	0.129064
180.06	88.31	257.28	222.11	0.124204
177.38	116.40	279.51	238.67	0.123706
163.36	75.42	232.02	137.21	0.121941
167.16	100.99	255.92	232.44	0.120495
